(kicad_pcb (version 20171130) (host pcbnew 5.1.9-1.fc32)

  (general
    (thickness 1.6)
    (drawings 4)
    (tracks 1144)
    (zones 0)
    (modules 98)
    (nets 97)
  )

  (page A4)
  (layers
    (0 Front signal hide)
    (1 GND power hide)
    (2 Power power hide)
    (31 Back signal hide)
    (32 B.Adhes user)
    (33 F.Adhes user)
    (34 B.Paste user)
    (35 F.Paste user)
    (36 B.SilkS user)
    (37 F.SilkS user)
    (38 B.Mask user)
    (39 F.Mask user)
    (40 Dwgs.User user)
    (41 Cmts.User user)
    (42 Eco1.User user)
    (43 Eco2.User user)
    (44 Edge.Cuts user)
    (45 Margin user)
    (46 B.CrtYd user)
    (47 F.CrtYd user)
    (48 B.Fab user)
    (49 F.Fab user)
  )

  (setup
    (last_trace_width 0.381)
    (user_trace_width 0.381)
    (user_trace_width 0.762)
    (user_trace_width 1.524)
    (trace_clearance 0.2)
    (zone_clearance 0.508)
    (zone_45_only no)
    (trace_min 0.25)
    (via_size 0.8)
    (via_drill 0.4)
    (via_min_size 0.4)
    (via_min_drill 0.3)
    (user_via 0.6 0.3)
    (uvia_size 0.3)
    (uvia_drill 0.1)
    (uvias_allowed no)
    (uvia_min_size 0.2)
    (uvia_min_drill 0.1)
    (edge_width 0.1)
    (segment_width 0.2)
    (pcb_text_width 0.3)
    (pcb_text_size 1.5 1.5)
    (mod_edge_width 0.15)
    (mod_text_size 1 1)
    (mod_text_width 0.15)
    (pad_size 3.4 3.4)
    (pad_drill 2)
    (pad_to_mask_clearance 0)
    (aux_axis_origin 0 0)
    (visible_elements FFFE7F7F)
    (pcbplotparams
      (layerselection 0x010fc_ffffffff)
      (usegerberextensions false)
      (usegerberattributes true)
      (usegerberadvancedattributes true)
      (creategerberjobfile true)
      (excludeedgelayer true)
      (linewidth 0.100000)
      (plotframeref false)
      (viasonmask false)
      (mode 1)
      (useauxorigin false)
      (hpglpennumber 1)
      (hpglpenspeed 20)
      (hpglpendiameter 15.000000)
      (psnegative false)
      (psa4output false)
      (plotreference true)
      (plotvalue true)
      (plotinvisibletext false)
      (padsonsilk false)
      (subtractmaskfromsilk false)
      (outputformat 1)
      (mirror false)
      (drillshape 1)
      (scaleselection 1)
      (outputdirectory ""))
  )

  (net 0 "")
  (net 1 GND)
  (net 2 "/mos drive stage/SL_A")
  (net 3 "/mos drive stage/SL_B")
  (net 4 "/mos drive stage/V_PWR")
  (net 5 /microcontroller/ADC_A)
  (net 6 /microcontroller/ADC_B)
  (net 7 /microcontroller/ADC_C)
  (net 8 /microcontroller/SO1)
  (net 9 /microcontroller/SO2)
  (net 10 "Net-(C15-Pad1)")
  (net 11 "Net-(C16-Pad1)")
  (net 12 "Net-(C17-Pad1)")
  (net 13 "/mos power stage/MOTOR_PH1")
  (net 14 "Net-(C18-Pad2)")
  (net 15 "Net-(C19-Pad2)")
  (net 16 "/mos power stage/MOTOR_PH2")
  (net 17 "/mos power stage/MOTOR_PH3")
  (net 18 "Net-(C20-Pad2)")
  (net 19 "Net-(C21-Pad1)")
  (net 20 "Net-(C21-Pad2)")
  (net 21 "Net-(C22-Pad2)")
  (net 22 "Net-(C22-Pad1)")
  (net 23 "Net-(C23-Pad2)")
  (net 24 +5V)
  (net 25 "Net-(C25-Pad1)")
  (net 26 "/mos drive stage/comp")
  (net 27 +3V3)
  (net 28 "Net-(C30-Pad1)")
  (net 29 /microcontroller/ADC_PVDD)
  (net 30 /microcontroller/LED)
  (net 31 "Net-(D1-Pad2)")
  (net 32 "Net-(J4-Pad1)")
  (net 33 /microcontroller/PWM_IN)
  (net 34 /RS488_phy/RS485-B)
  (net 35 /RS488_phy/RS485-A)
  (net 36 "Net-(Q1-Pad1)")
  (net 37 "Net-(Q2-Pad1)")
  (net 38 "Net-(Q3-Pad1)")
  (net 39 "Net-(Q4-Pad1)")
  (net 40 "Net-(Q5-Pad1)")
  (net 41 "Net-(Q6-Pad1)")
  (net 42 "Net-(Q7-Pad2)")
  (net 43 /microcontroller/PWM)
  (net 44 /microcontroller/\MCU_RST)
  (net 45 /SENSOR_1)
  (net 46 "/mos drive stage/GH_A")
  (net 47 "/mos drive stage/GL_A")
  (net 48 "/mos drive stage/GH_B")
  (net 49 "/mos drive stage/GL_B")
  (net 50 "/mos drive stage/GH_C")
  (net 51 "/mos drive stage/GL_C")
  (net 52 /microcontroller/\OVR_CUR_FLT)
  (net 53 "Net-(R27-Pad1)")
  (net 54 /microcontroller/\FLT)
  (net 55 "Net-(R29-Pad1)")
  (net 56 "Net-(R30-Pad1)")
  (net 57 /microcontroller/\PWRGD_FLT)
  (net 58 "Net-(R32-Pad1)")
  (net 59 "Net-(R33-Pad2)")
  (net 60 "Net-(TP1-Pad1)")
  (net 61 /microcontroller/SW_DIO)
  (net 62 /microcontroller/SW_CLK)
  (net 63 /microcontroller/SPI_CS)
  (net 64 /microcontroller/SPI_MOSI)
  (net 65 /microcontroller/SPI_MISO)
  (net 66 "/mos drive stage/SPI_CLK")
  (net 67 /microcontroller/DC_CAL)
  (net 68 /microcontroller/EN_GATE)
  (net 69 /microcontroller/INH_A)
  (net 70 /microcontroller/INL_A)
  (net 71 /microcontroller/INH_B)
  (net 72 /microcontroller/INL_B)
  (net 73 /microcontroller/INH_C)
  (net 74 /microcontroller/INL_C)
  (net 75 "Net-(U1-Pad55)")
  (net 76 "Net-(U2-Pad1)")
  (net 77 "Net-(U2-Pad2)")
  (net 78 "Net-(U2-Pad3)")
  (net 79 "Net-(U2-Pad10)")
  (net 80 "Net-(U2-Pad30)")
  (net 81 "Net-(U2-Pad39)")
  (net 82 "Net-(U2-Pad40)")
  (net 83 /RS488_phy/RS485_DE)
  (net 84 /RS488_phy/RS485_TX)
  (net 85 /RS488_phy/RS485_RX)
  (net 86 /RS488_phy/\RS485_RE)
  (net 87 "Net-(U3-Pad4)")
  (net 88 "/mos drive stage/SN1")
  (net 89 "/mos drive stage/SP1")
  (net 90 "/mos drive stage/SN2")
  (net 91 "/mos drive stage/SP2")
  (net 92 "Net-(U2-Pad9)")
  (net 93 "Net-(U2-Pad31)")
  (net 94 "Net-(U2-Pad12)")
  (net 95 "Net-(U2-Pad8)")
  (net 96 "Net-(U2-Pad17)")

  (net_class Default "This is the default net class."
    (clearance 0.2)
    (trace_width 0.25)
    (via_dia 0.8)
    (via_drill 0.4)
    (uvia_dia 0.3)
    (uvia_drill 0.1)
    (diff_pair_width 0.25)
    (diff_pair_gap 0.25)
    (add_net +3V3)
    (add_net +5V)
    (add_net /RS488_phy/RS485-A)
    (add_net /RS488_phy/RS485-B)
    (add_net /RS488_phy/RS485_DE)
    (add_net /RS488_phy/RS485_RX)
    (add_net /RS488_phy/RS485_TX)
    (add_net /RS488_phy/\RS485_RE)
    (add_net /SENSOR_1)
    (add_net /microcontroller/ADC_A)
    (add_net /microcontroller/ADC_B)
    (add_net /microcontroller/ADC_C)
    (add_net /microcontroller/ADC_PVDD)
    (add_net /microcontroller/DC_CAL)
    (add_net /microcontroller/EN_GATE)
    (add_net /microcontroller/INH_A)
    (add_net /microcontroller/INH_B)
    (add_net /microcontroller/INH_C)
    (add_net /microcontroller/INL_A)
    (add_net /microcontroller/INL_B)
    (add_net /microcontroller/INL_C)
    (add_net /microcontroller/LED)
    (add_net /microcontroller/PWM)
    (add_net /microcontroller/PWM_IN)
    (add_net /microcontroller/SO1)
    (add_net /microcontroller/SO2)
    (add_net /microcontroller/SPI_CS)
    (add_net /microcontroller/SPI_MISO)
    (add_net /microcontroller/SPI_MOSI)
    (add_net /microcontroller/SW_CLK)
    (add_net /microcontroller/SW_DIO)
    (add_net /microcontroller/\FLT)
    (add_net /microcontroller/\MCU_RST)
    (add_net /microcontroller/\OVR_CUR_FLT)
    (add_net /microcontroller/\PWRGD_FLT)
    (add_net "/mos drive stage/GH_A")
    (add_net "/mos drive stage/GH_B")
    (add_net "/mos drive stage/GH_C")
    (add_net "/mos drive stage/GL_A")
    (add_net "/mos drive stage/GL_B")
    (add_net "/mos drive stage/GL_C")
    (add_net "/mos drive stage/SL_A")
    (add_net "/mos drive stage/SL_B")
    (add_net "/mos drive stage/SN1")
    (add_net "/mos drive stage/SN2")
    (add_net "/mos drive stage/SP1")
    (add_net "/mos drive stage/SP2")
    (add_net "/mos drive stage/SPI_CLK")
    (add_net "/mos drive stage/V_PWR")
    (add_net "/mos drive stage/comp")
    (add_net "/mos power stage/MOTOR_PH1")
    (add_net "/mos power stage/MOTOR_PH2")
    (add_net "/mos power stage/MOTOR_PH3")
    (add_net GND)
    (add_net "Net-(C15-Pad1)")
    (add_net "Net-(C16-Pad1)")
    (add_net "Net-(C17-Pad1)")
    (add_net "Net-(C18-Pad2)")
    (add_net "Net-(C19-Pad2)")
    (add_net "Net-(C20-Pad2)")
    (add_net "Net-(C21-Pad1)")
    (add_net "Net-(C21-Pad2)")
    (add_net "Net-(C22-Pad1)")
    (add_net "Net-(C22-Pad2)")
    (add_net "Net-(C23-Pad2)")
    (add_net "Net-(C25-Pad1)")
    (add_net "Net-(C30-Pad1)")
    (add_net "Net-(D1-Pad2)")
    (add_net "Net-(J4-Pad1)")
    (add_net "Net-(Q1-Pad1)")
    (add_net "Net-(Q2-Pad1)")
    (add_net "Net-(Q3-Pad1)")
    (add_net "Net-(Q4-Pad1)")
    (add_net "Net-(Q5-Pad1)")
    (add_net "Net-(Q6-Pad1)")
    (add_net "Net-(Q7-Pad2)")
    (add_net "Net-(R27-Pad1)")
    (add_net "Net-(R29-Pad1)")
    (add_net "Net-(R30-Pad1)")
    (add_net "Net-(R32-Pad1)")
    (add_net "Net-(R33-Pad2)")
    (add_net "Net-(TP1-Pad1)")
    (add_net "Net-(U1-Pad55)")
    (add_net "Net-(U2-Pad1)")
    (add_net "Net-(U2-Pad10)")
    (add_net "Net-(U2-Pad12)")
    (add_net "Net-(U2-Pad17)")
    (add_net "Net-(U2-Pad2)")
    (add_net "Net-(U2-Pad3)")
    (add_net "Net-(U2-Pad30)")
    (add_net "Net-(U2-Pad31)")
    (add_net "Net-(U2-Pad39)")
    (add_net "Net-(U2-Pad40)")
    (add_net "Net-(U2-Pad8)")
    (add_net "Net-(U2-Pad9)")
    (add_net "Net-(U3-Pad4)")
  )

  (net_class JLCPCB ""
    (clearance 0.2)
    (trace_width 0.25)
    (via_dia 0.6)
    (via_drill 0.3)
    (uvia_dia 0.3)
    (uvia_drill 0.1)
    (diff_pair_width 0.25)
    (diff_pair_gap 0.25)
  )

  (module p_Package_Capacitor_SMD:C_0603_1608Metric_Pad1.08x0.95mm_HandSolder (layer Back) (tedit 6028008F) (tstamp 60AB9770)
    (at 224.663 104.902 270)
    (descr "Capacitor SMD 0603 (1608 Metric), square (rectangular) end terminal, IPC_7351 nominal with elongated pad for handsoldering. (Body size source: IPC-SM-782 page 76, https://www.pcb-3d.com/wordpress/wp-content/uploads/ipc-sm-782a_amendment_1_and_2.pdf), generated with kicad-footprint-generator")
    (tags "capacitor handsolder")
    (path /602453F4/6066932C)
    (attr smd)
    (fp_text reference C2 (at 0 1.43 270) (layer B.SilkS) hide
      (effects (font (size 1 1) (thickness 0.15)) (justify mirror))
    )
    (fp_text value 1n (at 0 -1.43 270) (layer B.Fab) hide
      (effects (font (size 1 1) (thickness 0.15)) (justify mirror))
    )
    (fp_line (start -0.8 -0.4) (end -0.8 0.4) (layer B.Fab) (width 0.1))
    (fp_line (start -0.8 0.4) (end 0.8 0.4) (layer B.Fab) (width 0.1))
    (fp_line (start 0.8 0.4) (end 0.8 -0.4) (layer B.Fab) (width 0.1))
    (fp_line (start 0.8 -0.4) (end -0.8 -0.4) (layer B.Fab) (width 0.1))
    (fp_line (start -0.146267 0.51) (end 0.146267 0.51) (layer B.SilkS) (width 0.12))
    (fp_line (start -0.146267 -0.51) (end 0.146267 -0.51) (layer B.SilkS) (width 0.12))
    (fp_line (start -1.65 -0.73) (end -1.65 0.73) (layer B.CrtYd) (width 0.05))
    (fp_line (start -1.65 0.73) (end 1.65 0.73) (layer B.CrtYd) (width 0.05))
    (fp_line (start 1.65 0.73) (end 1.65 -0.73) (layer B.CrtYd) (width 0.05))
    (fp_line (start 1.65 -0.73) (end -1.65 -0.73) (layer B.CrtYd) (width 0.05))
    (fp_text user %R (at 0 0 270) (layer B.Fab)
      (effects (font (size 0.4 0.4) (thickness 0.06)) (justify mirror))
    )
    (pad 1 smd roundrect (at -0.8625 0 270) (size 1.075 0.95) (layers Back B.Paste B.Mask) (roundrect_rratio 0.25)
      (net 90 "/mos drive stage/SN2"))
    (pad 2 smd roundrect (at 0.8625 0 270) (size 1.075 0.95) (layers Back B.Paste B.Mask) (roundrect_rratio 0.25)
      (net 91 "/mos drive stage/SP2"))
    (model ${KISYS3DMOD}/p_Package_Capacitor_SMD/C_0603_1608Metric.wrl
      (at (xyz 0 0 0))
      (scale (xyz 1 1 1))
      (rotate (xyz 0 0 0))
    )
  )

  (module p_Package_Capacitor_SMD:C_1210_3225Metric_Pad1.33x2.70mm_HandSolder (layer Back) (tedit 60280117) (tstamp 60AFD904)
    (at 247.015 112.141 90)
    (descr "Capacitor SMD 1210 (3225 Metric), square (rectangular) end terminal, IPC_7351 nominal with elongated pad for handsoldering. (Body size source: IPC-SM-782 page 76, https://www.pcb-3d.com/wordpress/wp-content/uploads/ipc-sm-782a_amendment_1_and_2.pdf), generated with kicad-footprint-generator")
    (tags "capacitor handsolder")
    (path /602453F4/605B9441)
    (attr smd)
    (fp_text reference C3 (at 0 2.3 270) (layer B.SilkS) hide
      (effects (font (size 1 1) (thickness 0.15)) (justify mirror))
    )
    (fp_text value C_1210 (at 0 -2.3 270) (layer B.Fab) hide
      (effects (font (size 1 1) (thickness 0.15)) (justify mirror))
    )
    (fp_text user %R (at 0 0 270) (layer B.Fab)
      (effects (font (size 0.8 0.8) (thickness 0.12)) (justify mirror))
    )
    (fp_line (start 2.48 -1.6) (end -2.48 -1.6) (layer B.CrtYd) (width 0.05))
    (fp_line (start 2.48 1.6) (end 2.48 -1.6) (layer B.CrtYd) (width 0.05))
    (fp_line (start -2.48 1.6) (end 2.48 1.6) (layer B.CrtYd) (width 0.05))
    (fp_line (start -2.48 -1.6) (end -2.48 1.6) (layer B.CrtYd) (width 0.05))
    (fp_line (start -0.711252 -1.36) (end 0.711252 -1.36) (layer B.SilkS) (width 0.12))
    (fp_line (start -0.711252 1.36) (end 0.711252 1.36) (layer B.SilkS) (width 0.12))
    (fp_line (start 1.6 -1.25) (end -1.6 -1.25) (layer B.Fab) (width 0.1))
    (fp_line (start 1.6 1.25) (end 1.6 -1.25) (layer B.Fab) (width 0.1))
    (fp_line (start -1.6 1.25) (end 1.6 1.25) (layer B.Fab) (width 0.1))
    (fp_line (start -1.6 -1.25) (end -1.6 1.25) (layer B.Fab) (width 0.1))
    (pad 2 smd roundrect (at 1.5625 0 90) (size 1.325 2.7) (layers Back B.Paste B.Mask) (roundrect_rratio 0.188679)
      (net 1 GND))
    (pad 1 smd roundrect (at -1.5625 0 90) (size 1.325 2.7) (layers Back B.Paste B.Mask) (roundrect_rratio 0.188679)
      (net 4 "/mos drive stage/V_PWR"))
    (model ${KISYS3DMOD}/p_Package_Capacitor_SMD/C_1210_3225Metric.wrl
      (at (xyz 0 0 0))
      (scale (xyz 1 1 1))
      (rotate (xyz 0 0 0))
    )
  )

  (module p_Package_Capacitor_SMD:C_1210_3225Metric_Pad1.33x2.70mm_HandSolder (layer Back) (tedit 60280117) (tstamp 60AB9792)
    (at 246.761 103.886 90)
    (descr "Capacitor SMD 1210 (3225 Metric), square (rectangular) end terminal, IPC_7351 nominal with elongated pad for handsoldering. (Body size source: IPC-SM-782 page 76, https://www.pcb-3d.com/wordpress/wp-content/uploads/ipc-sm-782a_amendment_1_and_2.pdf), generated with kicad-footprint-generator")
    (tags "capacitor handsolder")
    (path /602453F4/605181DA)
    (attr smd)
    (fp_text reference C4 (at 0 2.3 90) (layer B.SilkS) hide
      (effects (font (size 1 1) (thickness 0.15)) (justify mirror))
    )
    (fp_text value C_1210 (at 0 -2.3 90) (layer B.Fab) hide
      (effects (font (size 1 1) (thickness 0.15)) (justify mirror))
    )
    (fp_line (start -1.6 -1.25) (end -1.6 1.25) (layer B.Fab) (width 0.1))
    (fp_line (start -1.6 1.25) (end 1.6 1.25) (layer B.Fab) (width 0.1))
    (fp_line (start 1.6 1.25) (end 1.6 -1.25) (layer B.Fab) (width 0.1))
    (fp_line (start 1.6 -1.25) (end -1.6 -1.25) (layer B.Fab) (width 0.1))
    (fp_line (start -0.711252 1.36) (end 0.711252 1.36) (layer B.SilkS) (width 0.12))
    (fp_line (start -0.711252 -1.36) (end 0.711252 -1.36) (layer B.SilkS) (width 0.12))
    (fp_line (start -2.48 -1.6) (end -2.48 1.6) (layer B.CrtYd) (width 0.05))
    (fp_line (start -2.48 1.6) (end 2.48 1.6) (layer B.CrtYd) (width 0.05))
    (fp_line (start 2.48 1.6) (end 2.48 -1.6) (layer B.CrtYd) (width 0.05))
    (fp_line (start 2.48 -1.6) (end -2.48 -1.6) (layer B.CrtYd) (width 0.05))
    (fp_text user %R (at 0 0 90) (layer B.Fab)
      (effects (font (size 0.8 0.8) (thickness 0.12)) (justify mirror))
    )
    (pad 1 smd roundrect (at -1.5625 0 90) (size 1.325 2.7) (layers Back B.Paste B.Mask) (roundrect_rratio 0.188679)
      (net 4 "/mos drive stage/V_PWR"))
    (pad 2 smd roundrect (at 1.5625 0 90) (size 1.325 2.7) (layers Back B.Paste B.Mask) (roundrect_rratio 0.188679)
      (net 1 GND))
    (model ${KISYS3DMOD}/p_Package_Capacitor_SMD/C_1210_3225Metric.wrl
      (at (xyz 0 0 0))
      (scale (xyz 1 1 1))
      (rotate (xyz 0 0 0))
    )
  )

  (module p_Package_Capacitor_SMD:C_1210_3225Metric_Pad1.33x2.70mm_HandSolder (layer Back) (tedit 60280117) (tstamp 60AB97A3)
    (at 246.634 95.123 90)
    (descr "Capacitor SMD 1210 (3225 Metric), square (rectangular) end terminal, IPC_7351 nominal with elongated pad for handsoldering. (Body size source: IPC-SM-782 page 76, https://www.pcb-3d.com/wordpress/wp-content/uploads/ipc-sm-782a_amendment_1_and_2.pdf), generated with kicad-footprint-generator")
    (tags "capacitor handsolder")
    (path /602453F4/60509424)
    (attr smd)
    (fp_text reference C5 (at 0 2.3 90) (layer B.SilkS) hide
      (effects (font (size 1 1) (thickness 0.15)) (justify mirror))
    )
    (fp_text value C_1210 (at 0 -2.3 90) (layer B.Fab) hide
      (effects (font (size 1 1) (thickness 0.15)) (justify mirror))
    )
    (fp_text user %R (at 0 0 90) (layer B.Fab)
      (effects (font (size 0.8 0.8) (thickness 0.12)) (justify mirror))
    )
    (fp_line (start 2.48 -1.6) (end -2.48 -1.6) (layer B.CrtYd) (width 0.05))
    (fp_line (start 2.48 1.6) (end 2.48 -1.6) (layer B.CrtYd) (width 0.05))
    (fp_line (start -2.48 1.6) (end 2.48 1.6) (layer B.CrtYd) (width 0.05))
    (fp_line (start -2.48 -1.6) (end -2.48 1.6) (layer B.CrtYd) (width 0.05))
    (fp_line (start -0.711252 -1.36) (end 0.711252 -1.36) (layer B.SilkS) (width 0.12))
    (fp_line (start -0.711252 1.36) (end 0.711252 1.36) (layer B.SilkS) (width 0.12))
    (fp_line (start 1.6 -1.25) (end -1.6 -1.25) (layer B.Fab) (width 0.1))
    (fp_line (start 1.6 1.25) (end 1.6 -1.25) (layer B.Fab) (width 0.1))
    (fp_line (start -1.6 1.25) (end 1.6 1.25) (layer B.Fab) (width 0.1))
    (fp_line (start -1.6 -1.25) (end -1.6 1.25) (layer B.Fab) (width 0.1))
    (pad 2 smd roundrect (at 1.5625 0 90) (size 1.325 2.7) (layers Back B.Paste B.Mask) (roundrect_rratio 0.188679)
      (net 1 GND))
    (pad 1 smd roundrect (at -1.5625 0 90) (size 1.325 2.7) (layers Back B.Paste B.Mask) (roundrect_rratio 0.188679)
      (net 4 "/mos drive stage/V_PWR"))
    (model ${KISYS3DMOD}/p_Package_Capacitor_SMD/C_1210_3225Metric.wrl
      (at (xyz 0 0 0))
      (scale (xyz 1 1 1))
      (rotate (xyz 0 0 0))
    )
  )

  (module p_Package_Capacitor_SMD:C_0805_2012Metric_Pad1.18x1.45mm_HandSolder (layer Front) (tedit 60281B37) (tstamp 60AB97B4)
    (at 247.777 116.84 90)
    (descr "Capacitor SMD 0805 (2012 Metric), square (rectangular) end terminal, IPC_7351 nominal with elongated pad for handsoldering. (Body size source: IPC-SM-782 page 76, https://www.pcb-3d.com/wordpress/wp-content/uploads/ipc-sm-782a_amendment_1_and_2.pdf, https://docs.google.com/spreadsheets/d/1BsfQQcO9C6DZCsRaXUlFlo91Tg2WpOkGARC1WS5S8t0/edit?usp=sharing), generated with kicad-footprint-generator")
    (tags "capacitor handsolder")
    (path /602453F4/6070BEF2)
    (attr smd)
    (fp_text reference C6 (at 0 -1.68 90) (layer F.SilkS) hide
      (effects (font (size 1 1) (thickness 0.15)))
    )
    (fp_text value 100n (at 0 1.68 90) (layer F.Fab) hide
      (effects (font (size 1 1) (thickness 0.15)))
    )
    (fp_line (start 1.88 0.98) (end -1.88 0.98) (layer F.CrtYd) (width 0.05))
    (fp_line (start 1.88 -0.98) (end 1.88 0.98) (layer F.CrtYd) (width 0.05))
    (fp_line (start -1.88 -0.98) (end 1.88 -0.98) (layer F.CrtYd) (width 0.05))
    (fp_line (start -1.88 0.98) (end -1.88 -0.98) (layer F.CrtYd) (width 0.05))
    (fp_line (start -0.261252 0.735) (end 0.261252 0.735) (layer F.SilkS) (width 0.12))
    (fp_line (start -0.261252 -0.735) (end 0.261252 -0.735) (layer F.SilkS) (width 0.12))
    (fp_line (start 1 0.625) (end -1 0.625) (layer F.Fab) (width 0.1))
    (fp_line (start 1 -0.625) (end 1 0.625) (layer F.Fab) (width 0.1))
    (fp_line (start -1 -0.625) (end 1 -0.625) (layer F.Fab) (width 0.1))
    (fp_line (start -1 0.625) (end -1 -0.625) (layer F.Fab) (width 0.1))
    (fp_text user %R (at 0 0 90) (layer F.Fab)
      (effects (font (size 0.5 0.5) (thickness 0.08)))
    )
    (pad 1 smd roundrect (at -1.0375 0 90) (size 1.175 1.45) (layers Front F.Paste F.Mask) (roundrect_rratio 0.212766)
      (net 5 /microcontroller/ADC_A))
    (pad 2 smd roundrect (at 1.0375 0 90) (size 1.175 1.45) (layers Front F.Paste F.Mask) (roundrect_rratio 0.212766)
      (net 1 GND))
    (model ${KISYS3DMOD}/p_Package_Capacitor_SMD/C_0805_2012Metric.wrl
      (at (xyz 0 0 0))
      (scale (xyz 1 1 1))
      (rotate (xyz 0 0 0))
    )
  )

  (module p_Package_Capacitor_SMD:C_0805_2012Metric_Pad1.18x1.45mm_HandSolder (layer Front) (tedit 60281B37) (tstamp 60AB97C5)
    (at 247.777 108.585 90)
    (descr "Capacitor SMD 0805 (2012 Metric), square (rectangular) end terminal, IPC_7351 nominal with elongated pad for handsoldering. (Body size source: IPC-SM-782 page 76, https://www.pcb-3d.com/wordpress/wp-content/uploads/ipc-sm-782a_amendment_1_and_2.pdf, https://docs.google.com/spreadsheets/d/1BsfQQcO9C6DZCsRaXUlFlo91Tg2WpOkGARC1WS5S8t0/edit?usp=sharing), generated with kicad-footprint-generator")
    (tags "capacitor handsolder")
    (path /602453F4/606EA76B)
    (attr smd)
    (fp_text reference C7 (at 0 -1.68 90) (layer F.SilkS) hide
      (effects (font (size 1 1) (thickness 0.15)))
    )
    (fp_text value 100n (at 0 1.68 90) (layer F.Fab) hide
      (effects (font (size 1 1) (thickness 0.15)))
    )
    (fp_text user %R (at 0 0 90) (layer F.Fab)
      (effects (font (size 0.5 0.5) (thickness 0.08)))
    )
    (fp_line (start -1 0.625) (end -1 -0.625) (layer F.Fab) (width 0.1))
    (fp_line (start -1 -0.625) (end 1 -0.625) (layer F.Fab) (width 0.1))
    (fp_line (start 1 -0.625) (end 1 0.625) (layer F.Fab) (width 0.1))
    (fp_line (start 1 0.625) (end -1 0.625) (layer F.Fab) (width 0.1))
    (fp_line (start -0.261252 -0.735) (end 0.261252 -0.735) (layer F.SilkS) (width 0.12))
    (fp_line (start -0.261252 0.735) (end 0.261252 0.735) (layer F.SilkS) (width 0.12))
    (fp_line (start -1.88 0.98) (end -1.88 -0.98) (layer F.CrtYd) (width 0.05))
    (fp_line (start -1.88 -0.98) (end 1.88 -0.98) (layer F.CrtYd) (width 0.05))
    (fp_line (start 1.88 -0.98) (end 1.88 0.98) (layer F.CrtYd) (width 0.05))
    (fp_line (start 1.88 0.98) (end -1.88 0.98) (layer F.CrtYd) (width 0.05))
    (pad 2 smd roundrect (at 1.0375 0 90) (size 1.175 1.45) (layers Front F.Paste F.Mask) (roundrect_rratio 0.212766)
      (net 1 GND))
    (pad 1 smd roundrect (at -1.0375 0 90) (size 1.175 1.45) (layers Front F.Paste F.Mask) (roundrect_rratio 0.212766)
      (net 6 /microcontroller/ADC_B))
    (model ${KISYS3DMOD}/p_Package_Capacitor_SMD/C_0805_2012Metric.wrl
      (at (xyz 0 0 0))
      (scale (xyz 1 1 1))
      (rotate (xyz 0 0 0))
    )
  )

  (module p_Package_Capacitor_SMD:C_0805_2012Metric_Pad1.18x1.45mm_HandSolder (layer Front) (tedit 60281B37) (tstamp 60AB97D6)
    (at 247.777 100.203 90)
    (descr "Capacitor SMD 0805 (2012 Metric), square (rectangular) end terminal, IPC_7351 nominal with elongated pad for handsoldering. (Body size source: IPC-SM-782 page 76, https://www.pcb-3d.com/wordpress/wp-content/uploads/ipc-sm-782a_amendment_1_and_2.pdf, https://docs.google.com/spreadsheets/d/1BsfQQcO9C6DZCsRaXUlFlo91Tg2WpOkGARC1WS5S8t0/edit?usp=sharing), generated with kicad-footprint-generator")
    (tags "capacitor handsolder")
    (path /602453F4/605248B6)
    (attr smd)
    (fp_text reference C8 (at 0 -1.68 90) (layer F.SilkS) hide
      (effects (font (size 1 1) (thickness 0.15)))
    )
    (fp_text value 100n (at 0 1.68 90) (layer F.Fab) hide
      (effects (font (size 1 1) (thickness 0.15)))
    )
    (fp_line (start 1.88 0.98) (end -1.88 0.98) (layer F.CrtYd) (width 0.05))
    (fp_line (start 1.88 -0.98) (end 1.88 0.98) (layer F.CrtYd) (width 0.05))
    (fp_line (start -1.88 -0.98) (end 1.88 -0.98) (layer F.CrtYd) (width 0.05))
    (fp_line (start -1.88 0.98) (end -1.88 -0.98) (layer F.CrtYd) (width 0.05))
    (fp_line (start -0.261252 0.735) (end 0.261252 0.735) (layer F.SilkS) (width 0.12))
    (fp_line (start -0.261252 -0.735) (end 0.261252 -0.735) (layer F.SilkS) (width 0.12))
    (fp_line (start 1 0.625) (end -1 0.625) (layer F.Fab) (width 0.1))
    (fp_line (start 1 -0.625) (end 1 0.625) (layer F.Fab) (width 0.1))
    (fp_line (start -1 -0.625) (end 1 -0.625) (layer F.Fab) (width 0.1))
    (fp_line (start -1 0.625) (end -1 -0.625) (layer F.Fab) (width 0.1))
    (fp_text user %R (at 0 0 90) (layer F.Fab)
      (effects (font (size 0.5 0.5) (thickness 0.08)))
    )
    (pad 1 smd roundrect (at -1.0375 0 90) (size 1.175 1.45) (layers Front F.Paste F.Mask) (roundrect_rratio 0.212766)
      (net 7 /microcontroller/ADC_C))
    (pad 2 smd roundrect (at 1.0375 0 90) (size 1.175 1.45) (layers Front F.Paste F.Mask) (roundrect_rratio 0.212766)
      (net 1 GND))
    (model ${KISYS3DMOD}/p_Package_Capacitor_SMD/C_0805_2012Metric.wrl
      (at (xyz 0 0 0))
      (scale (xyz 1 1 1))
      (rotate (xyz 0 0 0))
    )
  )

  (module p_Package_Capacitor_SMD:C_1210_3225Metric_Pad1.33x2.70mm_HandSolder (layer Back) (tedit 60280117) (tstamp 60AB97E7)
    (at 217.17 115.57 180)
    (descr "Capacitor SMD 1210 (3225 Metric), square (rectangular) end terminal, IPC_7351 nominal with elongated pad for handsoldering. (Body size source: IPC-SM-782 page 76, https://www.pcb-3d.com/wordpress/wp-content/uploads/ipc-sm-782a_amendment_1_and_2.pdf), generated with kicad-footprint-generator")
    (tags "capacitor handsolder")
    (path /603415C7/60472C8C)
    (attr smd)
    (fp_text reference C9 (at 0 2.3) (layer B.SilkS) hide
      (effects (font (size 1 1) (thickness 0.15)) (justify mirror))
    )
    (fp_text value 47u (at 0 -2.3) (layer B.Fab) hide
      (effects (font (size 1 1) (thickness 0.15)) (justify mirror))
    )
    (fp_line (start -1.6 -1.25) (end -1.6 1.25) (layer B.Fab) (width 0.1))
    (fp_line (start -1.6 1.25) (end 1.6 1.25) (layer B.Fab) (width 0.1))
    (fp_line (start 1.6 1.25) (end 1.6 -1.25) (layer B.Fab) (width 0.1))
    (fp_line (start 1.6 -1.25) (end -1.6 -1.25) (layer B.Fab) (width 0.1))
    (fp_line (start -0.711252 1.36) (end 0.711252 1.36) (layer B.SilkS) (width 0.12))
    (fp_line (start -0.711252 -1.36) (end 0.711252 -1.36) (layer B.SilkS) (width 0.12))
    (fp_line (start -2.48 -1.6) (end -2.48 1.6) (layer B.CrtYd) (width 0.05))
    (fp_line (start -2.48 1.6) (end 2.48 1.6) (layer B.CrtYd) (width 0.05))
    (fp_line (start 2.48 1.6) (end 2.48 -1.6) (layer B.CrtYd) (width 0.05))
    (fp_line (start 2.48 -1.6) (end -2.48 -1.6) (layer B.CrtYd) (width 0.05))
    (fp_text user %R (at 0 0) (layer B.Fab)
      (effects (font (size 0.8 0.8) (thickness 0.12)) (justify mirror))
    )
    (pad 1 smd roundrect (at -1.5625 0 180) (size 1.325 2.7) (layers Back B.Paste B.Mask) (roundrect_rratio 0.188679)
      (net 4 "/mos drive stage/V_PWR"))
    (pad 2 smd roundrect (at 1.5625 0 180) (size 1.325 2.7) (layers Back B.Paste B.Mask) (roundrect_rratio 0.188679)
      (net 1 GND))
    (model ${KISYS3DMOD}/p_Package_Capacitor_SMD/C_1210_3225Metric.wrl
      (at (xyz 0 0 0))
      (scale (xyz 1 1 1))
      (rotate (xyz 0 0 0))
    )
  )

  (module p_Package_Capacitor_SMD:C_1210_3225Metric_Pad1.33x2.70mm_HandSolder (layer Front) (tedit 60280117) (tstamp 60AB97F8)
    (at 223.393 100.711 90)
    (descr "Capacitor SMD 1210 (3225 Metric), square (rectangular) end terminal, IPC_7351 nominal with elongated pad for handsoldering. (Body size source: IPC-SM-782 page 76, https://www.pcb-3d.com/wordpress/wp-content/uploads/ipc-sm-782a_amendment_1_and_2.pdf), generated with kicad-footprint-generator")
    (tags "capacitor handsolder")
    (path /603415C7/604447B7)
    (attr smd)
    (fp_text reference C10 (at 0 -2.3 90) (layer F.SilkS) hide
      (effects (font (size 1 1) (thickness 0.15)))
    )
    (fp_text value 47u (at 0 2.3 90) (layer F.Fab) hide
      (effects (font (size 1 1) (thickness 0.15)))
    )
    (fp_line (start -1.6 1.25) (end -1.6 -1.25) (layer F.Fab) (width 0.1))
    (fp_line (start -1.6 -1.25) (end 1.6 -1.25) (layer F.Fab) (width 0.1))
    (fp_line (start 1.6 -1.25) (end 1.6 1.25) (layer F.Fab) (width 0.1))
    (fp_line (start 1.6 1.25) (end -1.6 1.25) (layer F.Fab) (width 0.1))
    (fp_line (start -0.711252 -1.36) (end 0.711252 -1.36) (layer F.SilkS) (width 0.12))
    (fp_line (start -0.711252 1.36) (end 0.711252 1.36) (layer F.SilkS) (width 0.12))
    (fp_line (start -2.48 1.6) (end -2.48 -1.6) (layer F.CrtYd) (width 0.05))
    (fp_line (start -2.48 -1.6) (end 2.48 -1.6) (layer F.CrtYd) (width 0.05))
    (fp_line (start 2.48 -1.6) (end 2.48 1.6) (layer F.CrtYd) (width 0.05))
    (fp_line (start 2.48 1.6) (end -2.48 1.6) (layer F.CrtYd) (width 0.05))
    (fp_text user %R (at 0 0 90) (layer F.Fab)
      (effects (font (size 0.8 0.8) (thickness 0.12)))
    )
    (pad 1 smd roundrect (at -1.5625 0 90) (size 1.325 2.7) (layers Front F.Paste F.Mask) (roundrect_rratio 0.188679)
      (net 4 "/mos drive stage/V_PWR"))
    (pad 2 smd roundrect (at 1.5625 0 90) (size 1.325 2.7) (layers Front F.Paste F.Mask) (roundrect_rratio 0.188679)
      (net 1 GND))
    (model ${KISYS3DMOD}/p_Package_Capacitor_SMD/C_1210_3225Metric.wrl
      (at (xyz 0 0 0))
      (scale (xyz 1 1 1))
      (rotate (xyz 0 0 0))
    )
  )

  (module p_Package_Capacitor_SMD:C_0603_1608Metric_Pad1.08x0.95mm_HandSolder (layer Front) (tedit 6028008F) (tstamp 60AB9809)
    (at 218.44 115.57 180)
    (descr "Capacitor SMD 0603 (1608 Metric), square (rectangular) end terminal, IPC_7351 nominal with elongated pad for handsoldering. (Body size source: IPC-SM-782 page 76, https://www.pcb-3d.com/wordpress/wp-content/uploads/ipc-sm-782a_amendment_1_and_2.pdf), generated with kicad-footprint-generator")
    (tags "capacitor handsolder")
    (path /603415C7/60473268)
    (attr smd)
    (fp_text reference C11 (at 0 -1.43) (layer F.SilkS) hide
      (effects (font (size 1 1) (thickness 0.15)))
    )
    (fp_text value 4.7u (at 0 1.43) (layer F.Fab) hide
      (effects (font (size 1 1) (thickness 0.15)))
    )
    (fp_line (start -0.8 0.4) (end -0.8 -0.4) (layer F.Fab) (width 0.1))
    (fp_line (start -0.8 -0.4) (end 0.8 -0.4) (layer F.Fab) (width 0.1))
    (fp_line (start 0.8 -0.4) (end 0.8 0.4) (layer F.Fab) (width 0.1))
    (fp_line (start 0.8 0.4) (end -0.8 0.4) (layer F.Fab) (width 0.1))
    (fp_line (start -0.146267 -0.51) (end 0.146267 -0.51) (layer F.SilkS) (width 0.12))
    (fp_line (start -0.146267 0.51) (end 0.146267 0.51) (layer F.SilkS) (width 0.12))
    (fp_line (start -1.65 0.73) (end -1.65 -0.73) (layer F.CrtYd) (width 0.05))
    (fp_line (start -1.65 -0.73) (end 1.65 -0.73) (layer F.CrtYd) (width 0.05))
    (fp_line (start 1.65 -0.73) (end 1.65 0.73) (layer F.CrtYd) (width 0.05))
    (fp_line (start 1.65 0.73) (end -1.65 0.73) (layer F.CrtYd) (width 0.05))
    (fp_text user %R (at 0 0) (layer F.Fab)
      (effects (font (size 0.4 0.4) (thickness 0.06)))
    )
    (pad 1 smd roundrect (at -0.8625 0 180) (size 1.075 0.95) (layers Front F.Paste F.Mask) (roundrect_rratio 0.25)
      (net 4 "/mos drive stage/V_PWR"))
    (pad 2 smd roundrect (at 0.8625 0 180) (size 1.075 0.95) (layers Front F.Paste F.Mask) (roundrect_rratio 0.25)
      (net 1 GND))
    (model ${KISYS3DMOD}/p_Package_Capacitor_SMD/C_0603_1608Metric.wrl
      (at (xyz 0 0 0))
      (scale (xyz 1 1 1))
      (rotate (xyz 0 0 0))
    )
  )

  (module p_Package_Capacitor_SMD:C_0603_1608Metric_Pad1.08x0.95mm_HandSolder (layer Front) (tedit 6028008F) (tstamp 60AB981A)
    (at 220.98 101.092 90)
    (descr "Capacitor SMD 0603 (1608 Metric), square (rectangular) end terminal, IPC_7351 nominal with elongated pad for handsoldering. (Body size source: IPC-SM-782 page 76, https://www.pcb-3d.com/wordpress/wp-content/uploads/ipc-sm-782a_amendment_1_and_2.pdf), generated with kicad-footprint-generator")
    (tags "capacitor handsolder")
    (path /603415C7/6044210A)
    (attr smd)
    (fp_text reference C12 (at 0 -1.43 90) (layer F.SilkS) hide
      (effects (font (size 1 1) (thickness 0.15)))
    )
    (fp_text value 4.7u (at 0 1.43 90) (layer F.Fab) hide
      (effects (font (size 1 1) (thickness 0.15)))
    )
    (fp_text user %R (at 0 0 90) (layer F.Fab)
      (effects (font (size 0.4 0.4) (thickness 0.06)))
    )
    (fp_line (start 1.65 0.73) (end -1.65 0.73) (layer F.CrtYd) (width 0.05))
    (fp_line (start 1.65 -0.73) (end 1.65 0.73) (layer F.CrtYd) (width 0.05))
    (fp_line (start -1.65 -0.73) (end 1.65 -0.73) (layer F.CrtYd) (width 0.05))
    (fp_line (start -1.65 0.73) (end -1.65 -0.73) (layer F.CrtYd) (width 0.05))
    (fp_line (start -0.146267 0.51) (end 0.146267 0.51) (layer F.SilkS) (width 0.12))
    (fp_line (start -0.146267 -0.51) (end 0.146267 -0.51) (layer F.SilkS) (width 0.12))
    (fp_line (start 0.8 0.4) (end -0.8 0.4) (layer F.Fab) (width 0.1))
    (fp_line (start 0.8 -0.4) (end 0.8 0.4) (layer F.Fab) (width 0.1))
    (fp_line (start -0.8 -0.4) (end 0.8 -0.4) (layer F.Fab) (width 0.1))
    (fp_line (start -0.8 0.4) (end -0.8 -0.4) (layer F.Fab) (width 0.1))
    (pad 2 smd roundrect (at 0.8625 0 90) (size 1.075 0.95) (layers Front F.Paste F.Mask) (roundrect_rratio 0.25)
      (net 1 GND))
    (pad 1 smd roundrect (at -0.8625 0 90) (size 1.075 0.95) (layers Front F.Paste F.Mask) (roundrect_rratio 0.25)
      (net 4 "/mos drive stage/V_PWR"))
    (model ${KISYS3DMOD}/p_Package_Capacitor_SMD/C_0603_1608Metric.wrl
      (at (xyz 0 0 0))
      (scale (xyz 1 1 1))
      (rotate (xyz 0 0 0))
    )
  )

  (module p_Package_Capacitor_SMD:C_0603_1608Metric_Pad1.08x0.95mm_HandSolder (layer Front) (tedit 6028008F) (tstamp 60AB982B)
    (at 205.359 112.522 180)
    (descr "Capacitor SMD 0603 (1608 Metric), square (rectangular) end terminal, IPC_7351 nominal with elongated pad for handsoldering. (Body size source: IPC-SM-782 page 76, https://www.pcb-3d.com/wordpress/wp-content/uploads/ipc-sm-782a_amendment_1_and_2.pdf), generated with kicad-footprint-generator")
    (tags "capacitor handsolder")
    (path /603415C7/605AE820)
    (attr smd)
    (fp_text reference C13 (at 0 -1.43) (layer F.SilkS) hide
      (effects (font (size 1 1) (thickness 0.15)))
    )
    (fp_text value 1u (at 0 1.43) (layer F.Fab) hide
      (effects (font (size 1 1) (thickness 0.15)))
    )
    (fp_text user %R (at 0 0) (layer F.Fab)
      (effects (font (size 0.4 0.4) (thickness 0.06)))
    )
    (fp_line (start 1.65 0.73) (end -1.65 0.73) (layer F.CrtYd) (width 0.05))
    (fp_line (start 1.65 -0.73) (end 1.65 0.73) (layer F.CrtYd) (width 0.05))
    (fp_line (start -1.65 -0.73) (end 1.65 -0.73) (layer F.CrtYd) (width 0.05))
    (fp_line (start -1.65 0.73) (end -1.65 -0.73) (layer F.CrtYd) (width 0.05))
    (fp_line (start -0.146267 0.51) (end 0.146267 0.51) (layer F.SilkS) (width 0.12))
    (fp_line (start -0.146267 -0.51) (end 0.146267 -0.51) (layer F.SilkS) (width 0.12))
    (fp_line (start 0.8 0.4) (end -0.8 0.4) (layer F.Fab) (width 0.1))
    (fp_line (start 0.8 -0.4) (end 0.8 0.4) (layer F.Fab) (width 0.1))
    (fp_line (start -0.8 -0.4) (end 0.8 -0.4) (layer F.Fab) (width 0.1))
    (fp_line (start -0.8 0.4) (end -0.8 -0.4) (layer F.Fab) (width 0.1))
    (pad 2 smd roundrect (at 0.8625 0 180) (size 1.075 0.95) (layers Front F.Paste F.Mask) (roundrect_rratio 0.25)
      (net 1 GND))
    (pad 1 smd roundrect (at -0.8625 0 180) (size 1.075 0.95) (layers Front F.Paste F.Mask) (roundrect_rratio 0.25)
      (net 8 /microcontroller/SO1))
    (model ${KISYS3DMOD}/p_Package_Capacitor_SMD/C_0603_1608Metric.wrl
      (at (xyz 0 0 0))
      (scale (xyz 1 1 1))
      (rotate (xyz 0 0 0))
    )
  )

  (module p_Package_Capacitor_SMD:C_0603_1608Metric_Pad1.08x0.95mm_HandSolder (layer Front) (tedit 6028008F) (tstamp 60AB983C)
    (at 205.359 114.046 180)
    (descr "Capacitor SMD 0603 (1608 Metric), square (rectangular) end terminal, IPC_7351 nominal with elongated pad for handsoldering. (Body size source: IPC-SM-782 page 76, https://www.pcb-3d.com/wordpress/wp-content/uploads/ipc-sm-782a_amendment_1_and_2.pdf), generated with kicad-footprint-generator")
    (tags "capacitor handsolder")
    (path /603415C7/605A1021)
    (attr smd)
    (fp_text reference C14 (at 0 -1.43) (layer F.SilkS) hide
      (effects (font (size 1 1) (thickness 0.15)))
    )
    (fp_text value 1u (at 0 1.43) (layer F.Fab) hide
      (effects (font (size 1 1) (thickness 0.15)))
    )
    (fp_line (start -0.8 0.4) (end -0.8 -0.4) (layer F.Fab) (width 0.1))
    (fp_line (start -0.8 -0.4) (end 0.8 -0.4) (layer F.Fab) (width 0.1))
    (fp_line (start 0.8 -0.4) (end 0.8 0.4) (layer F.Fab) (width 0.1))
    (fp_line (start 0.8 0.4) (end -0.8 0.4) (layer F.Fab) (width 0.1))
    (fp_line (start -0.146267 -0.51) (end 0.146267 -0.51) (layer F.SilkS) (width 0.12))
    (fp_line (start -0.146267 0.51) (end 0.146267 0.51) (layer F.SilkS) (width 0.12))
    (fp_line (start -1.65 0.73) (end -1.65 -0.73) (layer F.CrtYd) (width 0.05))
    (fp_line (start -1.65 -0.73) (end 1.65 -0.73) (layer F.CrtYd) (width 0.05))
    (fp_line (start 1.65 -0.73) (end 1.65 0.73) (layer F.CrtYd) (width 0.05))
    (fp_line (start 1.65 0.73) (end -1.65 0.73) (layer F.CrtYd) (width 0.05))
    (fp_text user %R (at 0 0) (layer F.Fab)
      (effects (font (size 0.4 0.4) (thickness 0.06)))
    )
    (pad 1 smd roundrect (at -0.8625 0 180) (size 1.075 0.95) (layers Front F.Paste F.Mask) (roundrect_rratio 0.25)
      (net 9 /microcontroller/SO2))
    (pad 2 smd roundrect (at 0.8625 0 180) (size 1.075 0.95) (layers Front F.Paste F.Mask) (roundrect_rratio 0.25)
      (net 1 GND))
    (model ${KISYS3DMOD}/p_Package_Capacitor_SMD/C_0603_1608Metric.wrl
      (at (xyz 0 0 0))
      (scale (xyz 1 1 1))
      (rotate (xyz 0 0 0))
    )
  )

  (module p_Package_Capacitor_SMD:C_0603_1608Metric_Pad1.08x0.95mm_HandSolder (layer Back) (tedit 6028008F) (tstamp 60B1AF89)
    (at 214.376 111.252 180)
    (descr "Capacitor SMD 0603 (1608 Metric), square (rectangular) end terminal, IPC_7351 nominal with elongated pad for handsoldering. (Body size source: IPC-SM-782 page 76, https://www.pcb-3d.com/wordpress/wp-content/uploads/ipc-sm-782a_amendment_1_and_2.pdf), generated with kicad-footprint-generator")
    (tags "capacitor handsolder")
    (path /603415C7/602CD265)
    (attr smd)
    (fp_text reference C15 (at 0 1.43) (layer B.SilkS) hide
      (effects (font (size 1 1) (thickness 0.15)) (justify mirror))
    )
    (fp_text value 1u (at 0 -1.43) (layer B.Fab) hide
      (effects (font (size 1 1) (thickness 0.15)) (justify mirror))
    )
    (fp_line (start -0.8 -0.4) (end -0.8 0.4) (layer B.Fab) (width 0.1))
    (fp_line (start -0.8 0.4) (end 0.8 0.4) (layer B.Fab) (width 0.1))
    (fp_line (start 0.8 0.4) (end 0.8 -0.4) (layer B.Fab) (width 0.1))
    (fp_line (start 0.8 -0.4) (end -0.8 -0.4) (layer B.Fab) (width 0.1))
    (fp_line (start -0.146267 0.51) (end 0.146267 0.51) (layer B.SilkS) (width 0.12))
    (fp_line (start -0.146267 -0.51) (end 0.146267 -0.51) (layer B.SilkS) (width 0.12))
    (fp_line (start -1.65 -0.73) (end -1.65 0.73) (layer B.CrtYd) (width 0.05))
    (fp_line (start -1.65 0.73) (end 1.65 0.73) (layer B.CrtYd) (width 0.05))
    (fp_line (start 1.65 0.73) (end 1.65 -0.73) (layer B.CrtYd) (width 0.05))
    (fp_line (start 1.65 -0.73) (end -1.65 -0.73) (layer B.CrtYd) (width 0.05))
    (fp_text user %R (at 0 0) (layer B.Fab)
      (effects (font (size 0.4 0.4) (thickness 0.06)) (justify mirror))
    )
    (pad 1 smd roundrect (at -0.8625 0 180) (size 1.075 0.95) (layers Back B.Paste B.Mask) (roundrect_rratio 0.25)
      (net 10 "Net-(C15-Pad1)"))
    (pad 2 smd roundrect (at 0.8625 0 180) (size 1.075 0.95) (layers Back B.Paste B.Mask) (roundrect_rratio 0.25)
      (net 1 GND))
    (model ${KISYS3DMOD}/p_Package_Capacitor_SMD/C_0603_1608Metric.wrl
      (at (xyz 0 0 0))
      (scale (xyz 1 1 1))
      (rotate (xyz 0 0 0))
    )
  )

  (module p_Package_Capacitor_SMD:C_0603_1608Metric_Pad1.08x0.95mm_HandSolder (layer Back) (tedit 6028008F) (tstamp 60AB985E)
    (at 214.376 113.157 180)
    (descr "Capacitor SMD 0603 (1608 Metric), square (rectangular) end terminal, IPC_7351 nominal with elongated pad for handsoldering. (Body size source: IPC-SM-782 page 76, https://www.pcb-3d.com/wordpress/wp-content/uploads/ipc-sm-782a_amendment_1_and_2.pdf), generated with kicad-footprint-generator")
    (tags "capacitor handsolder")
    (path /603415C7/60436647)
    (attr smd)
    (fp_text reference C16 (at 0 1.43) (layer B.SilkS) hide
      (effects (font (size 1 1) (thickness 0.15)) (justify mirror))
    )
    (fp_text value 1u (at 0 -1.43) (layer B.Fab) hide
      (effects (font (size 1 1) (thickness 0.15)) (justify mirror))
    )
    (fp_line (start -0.8 -0.4) (end -0.8 0.4) (layer B.Fab) (width 0.1))
    (fp_line (start -0.8 0.4) (end 0.8 0.4) (layer B.Fab) (width 0.1))
    (fp_line (start 0.8 0.4) (end 0.8 -0.4) (layer B.Fab) (width 0.1))
